10 10
0   4   5   6   11  13  20  2   60  16
4   0   3   6   7   11  34  23  6   90
5   3   0   3   8   8   40  17  22  21
6   6   3   0   11  9   33  2   1   15
11  7   8   11  0   4   88  77  93  11
13  11  8   9   4   0   12  14  22  1
20  34  40  33  88  12  0   81  20  17
2   23  17  2   77  14  81  0   27  54
60  6   22  1   93  22  20  27  0   99
16  90  21  15  11  1   17  54  99  0